procs -----------memory---------- ---swap-- -----io---- -system-- ------cpu-----
 r  b   swpd   free   buff  cache   si   so    bi    bo   in   cs us sy id wa st
 0  0      0 2167984  49400 671452    0    0   181    15   72  139  1  2 98  0  0
 0  0      0 2065160  49400 671452    0    0     0     0  166  262  1  3 96  0  0
 1  0      0 2062640  49400 671452    0    0     0     0  141  304  3  1 97  0  0
 0  0      0 1962344  49400 671452    0    0     0     0  139  227  0  3 97  0  0
 0  0      0 1859780  49400 671452    0    0     0     0  137  205  1  3 96  0  0
 0  0      0 1757468  49400 671452    0    0     0     0  181  257  1  3 96  0  0
 0  0      0 1654904  49400 671452    0    0     0     0  128  211  3  2 95  0  0
 0  0      0 1551080  49400 671452    0    0     0     0  112  186  2  3 95  0  0
 0  0      0 1448768  49400 671452    0    0     0     0  128  200  4  2 95  0  0
 0  0      0 1346204  49400 671452    0    0     0     0  120  180  4  2 94  0  0
 0  0      0 2371096  49400 671452    0    0     0     0  121  197  0  2 98  0  0
 0  0      0 2371096  49400 671452    0    0     0     0  124  231  0  1 99  0  0
 0  0      0 2371096  49400 671452    0    0     0     0  149  239  0  0 100  0  0
 0  0      0 2371096  49400 671452    0    0     0     0  128  253  0  1 99  0  0

